rmse_training: 1.1642280942154226
rmse_validation: 1.0964083554615316
